55
252 131.6
252 96.8
218 50.2
163.4 50.2
93.6 50.2
44.2 96.8
44.2 172.4
44.2 248
96.6 290
163.4 290
186.6 290
204 286
218 270
228 279
228 279
238 288
242 290
242 290
246 290
252 290
252 288
252 282
252 246
252 246
252 210
252 202
252 202
242 202
236 202
234 202
234 204
228 256
198.4 276
169.2 276
154.8 276
128.6 270
111.2 248
96.6 228
96.6 192.6
96.6 172.4
96.6 140.4
96.6 117
108.2 96.8
122.8 76.4
146 67.8
169.2 67.8
202 67.8
236 88
236 134.6
236 140.4
238 140.4
246 140.4
252 140.4
252 137.4
252 131.6
